[System]
Name='System1'
Type='mamdani'
Version=2.0
NumInputs=3
NumOutputs=1
NumRules=625
AndMethod='min'
OrMethod='max'
ImpMethod='min'
AggMethod='max'
DefuzzMethod='centroid'

[Input1]
Name='input1'
Range=[0 17]
NumMFs=17
MF1='N':'trimf',[0 1 2]
MF2='NNW':'trimf',[1 2 3]
MF3='NW':'trimf',[2 3 4]
MF4='WNW':'trimf',[3 4 5]
MF5='W':'trimf',[4 5 6]
MF6='WSW':'trimf',[5 6 7]
MF7='SW':'trimf',[6 7 8]
MF8='SSW':'trimf',[7 8 9]
MF9='S':'trimf',[8 9 10]
MF10='SSE':'trimf',[9 10 11]
MF11='SE':'trimf',[10 11 12]
MF12='ESE':'trimf',[11 12 13]
MF13='E':'trimf',[12 13 14]
MF14='ENE':'trimf',[13 14 15]
MF15='NE':'trimf',[14 15 16]
MF16='NNE':'trimf',[15 16 16]
MF17='C':'trapmf',[16 16 17 17]

[Input2]
Name='input2'
Range=[0 17]
NumMFs=17
MF1='N':'trimf',[0 1 2]
MF2='NNW':'trimf',[1 2 3]
MF3='NW':'trimf',[2 3 4]
MF4='WNW':'trimf',[3 4 5]
MF5='W':'trimf',[4 5 6]
MF6='WSW':'trimf',[5 6 7]
MF7='SW':'trimf',[6 7 8]
MF8='SSW':'trimf',[7 8 9]
MF9='S':'trimf',[8 9 10]
MF10='SSE':'trimf',[9 10 11]
MF11='SE':'trimf',[10 11 12]
MF12='ESE':'trimf',[11 12 13]
MF13='E':'trimf',[12 13 14]
MF14='ENE':'trimf',[13 14 15]
MF15='NE':'trimf',[14 15 16]
MF16='NNE':'trimf',[15 16 16]
MF17='C':'trapmf',[16 16 17 17]

[Input3]
Name='input3'
Range=[0 17]
NumMFs=17
MF1='N':'trimf',[0 1 2]
MF2='NNW':'trimf',[1 2 3]
MF3='NW':'trimf',[2 3 4]
MF4='WNW':'trimf',[3 4 5]
MF5='W':'trimf',[4 5 6]
MF6='WSW':'trimf',[5 6 7]
MF7='SW':'trimf',[6 7 8]
MF8='SSW':'trimf',[7 8 9]
MF9='S':'trimf',[8 9 10]
MF10='SSE':'trimf',[9 10 11]
MF11='SE':'trimf',[10 11 12]
MF12='ESE':'trimf',[11 12 13]
MF13='E':'trimf',[12 13 14]
MF14='ENE':'trimf',[13 14 15]
MF15='NE':'trimf',[14 15 16]
MF16='NNE':'trimf',[15 16 16]
MF17='C':'trapmf',[16 16 17 17]

[Output1]
Name='output1'
Range=[0 17]
NumMFs=17
MF1='N':'trimf',[0 1 2]
MF2='NNW':'trimf',[1 2 3]
MF3='NW':'trimf',[2 3 4]
MF4='WNW':'trimf',[3 4 5]
MF5='W':'trimf',[4 5 6]
MF6='WSW':'trimf',[5 6 7]
MF7='SW':'trimf',[6 7 8]
MF8='SSW':'trimf',[7 8 9]
MF9='S':'trimf',[8 9 10]
MF10='SSE':'trimf',[9 10 11]
MF11='SE':'trimf',[10 11 12]
MF12='ESE':'trimf',[11 12 13]
MF13='E':'trimf',[12 13 14]
MF14='ENE':'trimf',[13 14 15]
MF15='NE':'trimf',[14 15 16]
MF16='NNE':'trimf',[15 16 16]
MF17='C':'trapmf',[16 16 17 17]

[Rules]
1 1 17, 16 (1) : 1
1 12 7, 7 (1) : 1
1 15 13, 13 (1) : 1
1 17 16, 13 (1) : 1
1 17 17, 1 (0.5) : 1
1 17 17, 17 (0.5) : 1
1 3 2, 3 (1) : 1
1 4 5, 5 (1) : 1
1 5 4, 4 (0.5) : 1
1 5 4, 5 (0.5) : 1
1 5 5, 5 (1) : 1
1 5 6, 5 (0.5) : 1
1 5 6, 6 (0.5) : 1
10 10 10, 5 (0.125) : 1
10 10 10, 9 (0.375) : 1
10 10 10, 10 (0.5) : 1
10 10 5, 9 (1) : 1
10 10 9, 9 (0.71429) : 1
10 10 9, 10 (0.14286) : 1
10 10 9, 11 (0.14286) : 1
10 11 11, 3 (0.5) : 1
10 11 11, 9 (0.5) : 1
10 12 10, 10 (1) : 1
10 3 2, 16 (1) : 1
10 5 6, 7 (1) : 1
10 6 7, 5 (1) : 1
10 8 3, 5 (1) : 1
10 8 8, 9 (1) : 1
10 9 10, 3 (0.33333) : 1
10 9 10, 9 (0.33333) : 1
10 9 10, 10 (0.33333) : 1
10 9 11, 10 (1) : 1
10 9 3, 8 (1) : 1
10 9 6, 9 (1) : 1
10 9 9, 6 (0.2) : 1
10 9 9, 9 (0.6) : 1
10 9 9, 10 (0.2) : 1
11 10 10, 9 (0.5) : 1
11 10 10, 10 (0.5) : 1
11 10 11, 9 (0.33333) : 1
11 10 11, 11 (0.66667) : 1
11 10 17, 10 (1) : 1
11 11 10, 11 (0.5) : 1
11 11 10, 17 (0.5) : 1
11 11 11, 12 (1) : 1
11 11 12, 11 (1) : 1
11 11 13, 11 (1) : 1
11 11 3, 15 (1) : 1
11 11 7, 12 (1) : 1
11 12 11, 11 (0.66667) : 1
11 12 11, 12 (0.33333) : 1
11 12 12, 12 (1) : 1
11 13 11, 10 (1) : 1
11 14 11, 11 (1) : 1
11 3 15, 17 (1) : 1
11 7 12, 9 (1) : 1
11 9 9, 8 (1) : 1
12 10 10, 10 (1) : 1
12 11 10, 10 (0.5) : 1
12 11 10, 11 (0.5) : 1
12 11 11, 10 (0.5) : 1
12 11 11, 11 (0.25) : 1
12 11 11, 13 (0.25) : 1
12 11 12, 11 (0.5) : 1
12 11 12, 12 (0.5) : 1
12 12 11, 10 (1) : 1
12 12 12, 11 (1) : 1
12 13 13, 11 (0.5) : 1
12 13 13, 13 (0.5) : 1
12 7 7, 8 (1) : 1
12 9 12, 9 (1) : 1
12 9 17, 9 (1) : 1
13 1 15, 13 (1) : 1
13 11 10, 17 (1) : 1
13 11 11, 11 (1) : 1
13 11 12, 12 (1) : 1
13 12 11, 11 (0.33333) : 1
13 12 11, 12 (0.33333) : 1
13 12 11, 13 (0.33333) : 1
13 12 13, 13 (1) : 1
13 13 11, 12 (1) : 1
13 13 12, 11 (0.33333) : 1
13 13 12, 13 (0.66667) : 1
13 13 13, 12 (0.5) : 1
13 13 13, 13 (0.5) : 1
13 13 14, 13 (1) : 1
13 13 15, 13 (1) : 1
13 14 13, 13 (1) : 1
13 15 13, 12 (1) : 1
13 17 12, 12 (1) : 1
14 11 11, 7 (1) : 1
14 13 11, 11 (1) : 1
14 13 13, 15 (1) : 1
15 13 12, 11 (1) : 1
15 13 13, 12 (0.5) : 1
15 13 13, 14 (0.5) : 1
16 13 1, 15 (1) : 1
16 16 11, 11 (1) : 1
17 1 15, 13 (1) : 1
17 10 12, 10 (1) : 1
17 11 10, 11 (1) : 1
17 12 11, 11 (1) : 1
17 12 12, 11 (1) : 1
17 13 17, 12 (1) : 1
17 14 13, 11 (1) : 1
17 16 13, 1 (1) : 1
17 17 1, 15 (1) : 1
17 17 12, 11 (1) : 1
17 17 14, 13 (1) : 1
17 17 17, 5 (0.14286) : 1
17 17 17, 9 (0.071429) : 1
17 17 17, 12 (0.071429) : 1
17 17 17, 14 (0.071429) : 1
17 17 17, 17 (0.64286) : 1
17 17 5, 4 (0.5) : 1
17 17 5, 5 (0.5) : 1
17 17 6, 7 (1) : 1
17 17 7, 6 (1) : 1
17 17 9, 8 (1) : 1
17 4 7, 7 (1) : 1
17 5 4, 5 (1) : 1
17 5 5, 1 (0.2) : 1
17 5 5, 5 (0.4) : 1
17 5 5, 6 (0.4) : 1
17 5 6, 7 (1) : 1
17 6 3, 3 (1) : 1
17 6 6, 5 (0.25) : 1
17 6 6, 6 (0.25) : 1
17 6 6, 7 (0.5) : 1
17 6 7, 6 (1) : 1
17 7 17, 17 (1) : 1
17 7 5, 6 (1) : 1
17 7 6, 6 (1) : 1
17 7 7, 6 (1) : 1
17 8 6, 7 (1) : 1
17 8 7, 7 (1) : 1
17 8 8, 7 (1) : 1
17 9 7, 5 (1) : 1
17 9 8, 8 (1) : 1
2 1 1, 17 (1) : 1
2 16 16, 11 (1) : 1
2 3 1, 3 (0.5) : 1
2 3 1, 17 (0.5) : 1
2 3 4, 3 (1) : 1
2 4 4, 4 (1) : 1
2 5 5, 5 (1) : 1
3 1 17, 17 (1) : 1
3 1 3, 2 (1) : 1
3 1 4, 5 (1) : 1
3 13 12, 11 (1) : 1
3 2 1, 1 (1) : 1
3 2 16, 16 (1) : 1
3 2 3, 1 (0.66667) : 1
3 2 3, 4 (0.33333) : 1
3 3 1, 4 (1) : 1
3 3 13, 12 (1) : 1
3 3 2, 1 (1) : 1
3 3 6, 7 (1) : 1
3 4 3, 3 (0.5) : 1
3 4 3, 4 (0.5) : 1
3 4 5, 4 (0.5) : 1
3 4 5, 5 (0.5) : 1
3 5 3, 3 (0.5) : 1
3 5 3, 5 (0.5) : 1
3 5 4, 6 (1) : 1
3 5 5, 5 (1) : 1
3 5 6, 7 (1) : 1
3 5 7, 6 (1) : 1
3 6 5, 5 (0.66667) : 1
3 6 5, 6 (0.33333) : 1
3 6 6, 5 (0.33333) : 1
3 6 6, 6 (0.33333) : 1
3 6 6, 7 (0.33333) : 1
3 6 7, 7 (1) : 1
3 6 9, 10 (1) : 1
3 7 6, 6 (1) : 1
3 8 5, 9 (1) : 1
3 8 7, 5 (1) : 1
4 1 12, 7 (1) : 1
4 1 5, 4 (1) : 1
4 17 10, 12 (1) : 1
4 17 13, 17 (1) : 1
4 2 4, 4 (1) : 1
4 2 5, 5 (1) : 1
4 3 2, 3 (1) : 1
4 3 3, 1 (0.5) : 1
4 3 3, 2 (0.5) : 1
4 3 4, 3 (0.33333) : 1
4 3 4, 5 (0.66667) : 1
4 4 1, 5 (0.5) : 1
4 4 1, 12 (0.5) : 1
4 4 17, 10 (1) : 1
4 4 3, 2 (0.66667) : 1
4 4 3, 3 (0.33333) : 1
4 4 4, 1 (0.125) : 1
4 4 4, 3 (0.125) : 1
4 4 4, 4 (0.125) : 1
4 4 4, 5 (0.5) : 1
4 4 4, 17 (0.125) : 1
4 4 5, 4 (0.14286) : 1
4 4 5, 5 (0.57143) : 1
4 4 5, 6 (0.14286) : 1
4 4 5, 17 (0.14286) : 1
4 5 17, 5 (0.5) : 1
4 5 17, 17 (0.5) : 1
4 5 4, 2 (0.33333) : 1
4 5 4, 3 (0.33333) : 1
4 5 4, 7 (0.33333) : 1
4 5 5, 4 (0.35294) : 1
4 5 5, 5 (0.52941) : 1
4 5 5, 6 (0.058824) : 1
4 5 5, 12 (0.058824) : 1
4 5 6, 3 (0.2) : 1
4 5 6, 5 (0.4) : 1
4 5 6, 7 (0.2) : 1
4 5 6, 8 (0.2) : 1
4 6 5, 5 (0.75) : 1
4 6 5, 6 (0.25) : 1
4 6 6, 5 (0.75) : 1
4 6 6, 9 (0.25) : 1
4 7 13, 13 (1) : 1
4 7 7, 3 (1) : 1
5 1 17, 17 (1) : 1
5 1 5, 4 (0.33333) : 1
5 1 5, 5 (0.33333) : 1
5 1 5, 6 (0.33333) : 1
5 10 6, 7 (1) : 1
5 11 12, 11 (1) : 1
5 12 11, 10 (1) : 1
5 17 11, 10 (1) : 1
5 17 17, 6 (0.33333) : 1
5 17 17, 17 (0.66667) : 1
5 17 5, 5 (1) : 1
5 17 6, 3 (0.5) : 1
5 17 6, 7 (0.5) : 1
5 3 3, 6 (1) : 1
5 3 5, 3 (0.2) : 1
5 3 5, 5 (0.8) : 1
5 3 6, 5 (0.5) : 1
5 3 6, 9 (0.5) : 1
5 4 17, 13 (1) : 1
5 4 2, 4 (0.5) : 1
5 4 2, 5 (0.5) : 1
5 4 3, 4 (1) : 1
5 4 4, 1 (0.1) : 1
5 4 4, 3 (0.2) : 1
5 4 4, 4 (0.6) : 1
5 4 4, 5 (0.1) : 1
5 4 5, 4 (0.066667) : 1
5 4 5, 5 (0.6) : 1
5 4 5, 6 (0.26667) : 1
5 4 5, 17 (0.066667) : 1
5 4 6, 5 (0.4) : 1
5 4 6, 6 (0.6) : 1
5 4 7, 13 (1) : 1
5 5 1, 5 (0.5) : 1
5 5 1, 17 (0.5) : 1
5 5 11, 12 (1) : 1
5 5 12, 11 (1) : 1
5 5 17, 5 (0.33333) : 1
5 5 17, 11 (0.33333) : 1
5 5 17, 17 (0.33333) : 1
5 5 3, 5 (0.8) : 1
5 5 3, 6 (0.2) : 1
5 5 4, 2 (0.037037) : 1
5 5 4, 3 (0.037037) : 1
5 5 4, 4 (0.2963) : 1
5 5 4, 5 (0.48148) : 1
5 5 4, 6 (0.11111) : 1
5 5 4, 17 (0.037037) : 1
5 5 5, 1 (0.0055556) : 1
5 5 5, 3 (0.022222) : 1
5 5 5, 4 (0.094444) : 1
5 5 5, 5 (0.65) : 1
5 5 5, 6 (0.17222) : 1
5 5 5, 7 (0.022222) : 1
5 5 5, 9 (0.011111) : 1
5 5 5, 11 (0.0055556) : 1
5 5 5, 17 (0.016667) : 1
5 5 6, 3 (0.017857) : 1
5 5 6, 5 (0.53571) : 1
5 5 6, 6 (0.35714) : 1
5 5 6, 7 (0.071429) : 1
5 5 6, 8 (0.017857) : 1
5 5 7, 5 (0.2) : 1
5 5 7, 6 (0.2) : 1
5 5 7, 8 (0.6) : 1
5 5 8, 17 (1) : 1
5 5 9, 7 (0.5) : 1
5 5 9, 9 (0.5) : 1
5 6 17, 5 (0.5) : 1
5 6 17, 17 (0.5) : 1
5 6 3, 5 (0.5) : 1
5 6 3, 8 (0.5) : 1
5 6 4, 5 (0.66667) : 1
5 6 4, 6 (0.33333) : 1
5 6 5, 3 (0.017544) : 1
5 6 5, 4 (0.017544) : 1
5 6 5, 5 (0.54386) : 1
5 6 5, 6 (0.33333) : 1
5 6 5, 7 (0.035088) : 1
5 6 5, 8 (0.017544) : 1
5 6 5, 17 (0.035088) : 1
5 6 6, 1 (0.021277) : 1
5 6 6, 5 (0.46809) : 1
5 6 6, 6 (0.38298) : 1
5 6 6, 7 (0.10638) : 1
5 6 6, 10 (0.021277) : 1
5 6 7, 4 (0.083333) : 1
5 6 7, 6 (0.33333) : 1
5 6 7, 7 (0.25) : 1
5 6 7, 8 (0.25) : 1
5 6 7, 9 (0.083333) : 1
5 6 8, 4 (0.5) : 1
5 6 8, 8 (0.5) : 1
5 7 5, 5 (0.33333) : 1
5 7 5, 6 (0.33333) : 1
5 7 5, 7 (0.33333) : 1
5 7 6, 6 (0.25) : 1
5 7 6, 7 (0.75) : 1
5 7 7, 6 (0.5) : 1
5 7 7, 7 (0.5) : 1
5 7 8, 7 (0.4) : 1
5 7 8, 8 (0.4) : 1
5 7 8, 9 (0.2) : 1
5 8 10, 10 (1) : 1
5 8 17, 5 (1) : 1
5 8 6, 7 (1) : 1
5 8 7, 17 (1) : 1
5 8 8, 7 (0.5) : 1
5 8 8, 8 (0.5) : 1
5 9 11, 14 (1) : 1
5 9 7, 7 (1) : 1
5 9 9, 9 (1) : 1
6 1 5, 6 (1) : 1
6 10 5, 6 (1) : 1
6 17 17, 17 (1) : 1
6 17 5, 5 (1) : 1
6 3 3, 13 (1) : 1
6 3 5, 5 (0.33333) : 1
6 3 5, 6 (0.33333) : 1
6 3 5, 7 (0.33333) : 1
6 3 6, 5 (0.25) : 1
6 3 6, 6 (0.5) : 1
6 3 6, 7 (0.25) : 1
6 3 8, 7 (1) : 1
6 4 4, 5 (1) : 1
6 4 5, 5 (1) : 1
6 4 6, 5 (1) : 1
6 5 1, 5 (1) : 1
6 5 10, 6 (1) : 1
6 5 17, 5 (0.33333) : 1
6 5 17, 6 (0.66667) : 1
6 5 3, 6 (1) : 1
6 5 4, 4 (0.5) : 1
6 5 4, 6 (0.5) : 1
6 5 5, 3 (0.014706) : 1
6 5 5, 4 (0.058824) : 1
6 5 5, 5 (0.58824) : 1
6 5 5, 6 (0.30882) : 1
6 5 5, 7 (0.014706) : 1
6 5 5, 8 (0.014706) : 1
6 5 6, 4 (0.06) : 1
6 5 6, 5 (0.4) : 1
6 5 6, 6 (0.48) : 1
6 5 6, 7 (0.02) : 1
6 5 6, 17 (0.04) : 1
6 5 7, 5 (0.28571) : 1
6 5 7, 6 (0.14286) : 1
6 5 7, 7 (0.42857) : 1
6 5 7, 8 (0.14286) : 1
6 5 8, 6 (0.33333) : 1
6 5 8, 7 (0.33333) : 1
6 5 8, 8 (0.33333) : 1
6 6 1, 5 (1) : 1
6 6 10, 5 (1) : 1
6 6 3, 5 (0.5) : 1
6 6 3, 6 (0.5) : 1
6 6 4, 4 (0.5) : 1
6 6 4, 6 (0.5) : 1
6 6 5, 1 (0.033898) : 1
6 6 5, 4 (0.016949) : 1
6 6 5, 5 (0.50847) : 1
6 6 5, 6 (0.37288) : 1
6 6 5, 7 (0.050847) : 1
6 6 5, 8 (0.016949) : 1
6 6 6, 3 (0.012048) : 1
6 6 6, 4 (0.012048) : 1
6 6 6, 5 (0.25301) : 1
6 6 6, 6 (0.59036) : 1
6 6 6, 7 (0.12048) : 1
6 6 6, 8 (0.012048) : 1
6 6 7, 3 (0.047619) : 1
6 6 7, 5 (0.047619) : 1
6 6 7, 6 (0.42857) : 1
6 6 7, 7 (0.28571) : 1
6 6 7, 8 (0.047619) : 1
6 6 7, 9 (0.047619) : 1
6 6 7, 17 (0.095238) : 1
6 6 8, 5 (0.5) : 1
6 6 8, 7 (0.5) : 1
6 6 9, 9 (1) : 1
6 7 17, 6 (0.5) : 1
6 7 17, 7 (0.5) : 1
6 7 3, 5 (0.5) : 1
6 7 3, 6 (0.5) : 1
6 7 4, 6 (1) : 1
6 7 5, 5 (0.6) : 1
6 7 5, 6 (0.2) : 1
6 7 5, 17 (0.2) : 1
6 7 6, 3 (0.033333) : 1
6 7 6, 5 (0.2) : 1
6 7 6, 6 (0.4) : 1
6 7 6, 7 (0.3) : 1
6 7 6, 8 (0.066667) : 1
6 7 7, 5 (0.038462) : 1
6 7 7, 6 (0.30769) : 1
6 7 7, 7 (0.46154) : 1
6 7 7, 8 (0.11538) : 1
6 7 7, 9 (0.038462) : 1
6 7 7, 10 (0.038462) : 1
6 7 8, 7 (0.4) : 1
6 7 8, 9 (0.2) : 1
6 7 8, 17 (0.4) : 1
6 7 9, 7 (0.66667) : 1
6 7 9, 10 (0.33333) : 1
6 8 17, 4 (1) : 1
6 8 4, 4 (1) : 1
6 8 5, 6 (1) : 1
6 8 6, 7 (1) : 1
6 8 7, 7 (0.5) : 1
6 8 7, 17 (0.5) : 1
6 8 8, 7 (1) : 1
6 8 9, 8 (1) : 1
6 9 10, 8 (0.5) : 1
6 9 10, 9 (0.5) : 1
6 9 9, 10 (1) : 1
7 10 10, 10 (1) : 1
7 10 9, 9 (1) : 1
7 12 9, 12 (1) : 1
7 13 13, 13 (1) : 1
7 17 17, 7 (0.5) : 1
7 17 17, 17 (0.5) : 1
7 17 6, 6 (1) : 1
7 17 7, 5 (0.33333) : 1
7 17 7, 7 (0.33333) : 1
7 17 7, 17 (0.33333) : 1
7 17 8, 6 (1) : 1
7 17 9, 7 (1) : 1
7 3 5, 4 (1) : 1
7 3 6, 5 (0.5) : 1
7 3 6, 6 (0.5) : 1
7 4 6, 6 (1) : 1
7 5 17, 17 (1) : 1
7 5 5, 5 (0.8) : 1
7 5 5, 6 (0.2) : 1
7 5 6, 5 (0.5) : 1
7 5 6, 6 (0.33333) : 1
7 5 6, 7 (0.16667) : 1
7 5 7, 6 (0.33333) : 1
7 5 7, 7 (0.33333) : 1
7 5 7, 8 (0.33333) : 1
7 5 8, 10 (1) : 1
7 5 9, 11 (1) : 1
7 6 3, 6 (1) : 1
7 6 5, 5 (0.1) : 1
7 6 5, 6 (0.5) : 1
7 6 5, 7 (0.2) : 1
7 6 5, 10 (0.1) : 1
7 6 5, 17 (0.1) : 1
7 6 6, 3 (0.11538) : 1
7 6 6, 5 (0.34615) : 1
7 6 6, 6 (0.42308) : 1
7 6 6, 7 (0.11538) : 1
7 6 7, 3 (0.035714) : 1
7 6 7, 5 (0.10714) : 1
7 6 7, 6 (0.35714) : 1
7 6 7, 7 (0.42857) : 1
7 6 7, 8 (0.035714) : 1
7 6 7, 9 (0.035714) : 1
7 6 8, 6 (0.33333) : 1
7 6 8, 9 (0.33333) : 1
7 6 8, 17 (0.33333) : 1
7 7 10, 9 (0.5) : 1
7 7 10, 10 (0.5) : 1
7 7 17, 6 (0.33333) : 1
7 7 17, 7 (0.66667) : 1
7 7 3, 6 (1) : 1
7 7 5, 5 (0.25) : 1
7 7 5, 7 (0.5) : 1
7 7 5, 8 (0.25) : 1
7 7 6, 3 (0.033333) : 1
7 7 6, 5 (0.13333) : 1
7 7 6, 6 (0.3) : 1
7 7 6, 7 (0.5) : 1
7 7 6, 8 (0.033333) : 1
7 7 7, 5 (0.038462) : 1
7 7 7, 6 (0.25) : 1
7 7 7, 7 (0.57692) : 1
7 7 7, 8 (0.076923) : 1
7 7 7, 10 (0.019231) : 1
7 7 7, 17 (0.038462) : 1
7 7 8, 3 (0.1) : 1
7 7 8, 7 (0.3) : 1
7 7 8, 8 (0.2) : 1
7 7 8, 9 (0.3) : 1
7 7 8, 10 (0.1) : 1
7 7 9, 6 (0.5) : 1
7 7 9, 10 (0.5) : 1
7 8 10, 10 (1) : 1
7 8 17, 7 (0.66667) : 1
7 8 17, 8 (0.33333) : 1
7 8 3, 7 (1) : 1
7 8 6, 5 (1) : 1
7 8 7, 6 (0.125) : 1
7 8 7, 7 (0.625) : 1
7 8 7, 8 (0.25) : 1
7 8 8, 7 (0.25) : 1
7 8 8, 8 (0.5) : 1
7 8 8, 9 (0.25) : 1
7 8 9, 8 (0.16667) : 1
7 8 9, 9 (0.5) : 1
7 8 9, 10 (0.16667) : 1
7 8 9, 17 (0.16667) : 1
7 9 10, 9 (1) : 1
7 9 6, 8 (1) : 1
7 9 7, 7 (0.5) : 1
7 9 7, 8 (0.5) : 1
7 9 8, 8 (1) : 1
7 9 9, 10 (1) : 1
8 10 10, 9 (0.5) : 1
8 10 10, 10 (0.5) : 1
8 17 4, 7 (1) : 1
8 17 5, 6 (1) : 1
8 17 7, 5 (0.5) : 1
8 17 7, 8 (0.5) : 1
8 17 8, 7 (1) : 1
8 3 5, 3 (1) : 1
8 3 7, 6 (1) : 1
8 4 4, 5 (1) : 1
8 5 6, 7 (1) : 1
8 5 8, 8 (1) : 1
8 6 5, 5 (0.5) : 1
8 6 5, 6 (0.5) : 1
8 6 7, 6 (0.66667) : 1
8 6 7, 7 (0.33333) : 1
8 7 17, 8 (0.33333) : 1
8 7 17, 9 (0.33333) : 1
8 7 17, 17 (0.33333) : 1
8 7 5, 9 (1) : 1
8 7 6, 6 (0.66667) : 1
8 7 6, 7 (0.33333) : 1
8 7 7, 6 (0.2) : 1
8 7 7, 7 (0.53333) : 1
8 7 7, 8 (0.2) : 1
8 7 7, 9 (0.066667) : 1
8 7 8, 6 (0.33333) : 1
8 7 8, 9 (0.33333) : 1
8 7 8, 17 (0.33333) : 1
8 7 9, 9 (1) : 1
8 8 5, 8 (1) : 1
8 8 7, 6 (0.090909) : 1
8 8 7, 7 (0.72727) : 1
8 8 7, 8 (0.090909) : 1
8 8 7, 17 (0.090909) : 1
8 8 8, 5 (0.0625) : 1
8 8 8, 7 (0.25) : 1
8 8 8, 8 (0.5) : 1
8 8 8, 9 (0.1875) : 1
8 8 9, 7 (0.4) : 1
8 8 9, 8 (0.2) : 1
8 8 9, 9 (0.2) : 1
8 8 9, 10 (0.2) : 1
8 9 10, 9 (0.5) : 1
8 9 10, 10 (0.5) : 1
8 9 17, 7 (1) : 1
8 9 7, 5 (0.5) : 1
8 9 7, 7 (0.5) : 1
8 9 8, 7 (0.16667) : 1
8 9 8, 8 (0.83333) : 1
8 9 9, 7 (0.33333) : 1
8 9 9, 9 (0.33333) : 1
8 9 9, 10 (0.33333) : 1
9 10 10, 9 (0.5) : 1
9 10 10, 10 (0.5) : 1
9 10 3, 2 (1) : 1
9 10 8, 3 (0.5) : 1
9 10 8, 8 (0.5) : 1
9 10 9, 3 (0.2) : 1
9 10 9, 6 (0.2) : 1
9 10 9, 10 (0.4) : 1
9 10 9, 11 (0.2) : 1
9 11 10, 10 (1) : 1
9 11 14, 11 (1) : 1
9 11 9, 9 (1) : 1
9 12 9, 17 (1) : 1
9 17 7, 4 (1) : 1
9 17 8, 8 (1) : 1
9 3 8, 5 (1) : 1
9 6 11, 9 (1) : 1
9 6 8, 7 (1) : 1
9 6 9, 10 (1) : 1
9 7 5, 6 (1) : 1
9 7 7, 5 (0.25) : 1
9 7 7, 6 (0.5) : 1
9 7 7, 17 (0.25) : 1
9 7 8, 7 (1) : 1
9 7 9, 8 (1) : 1
9 8 7, 9 (1) : 1
9 8 8, 7 (0.42857) : 1
9 8 8, 8 (0.57143) : 1
9 8 9, 8 (1) : 1
9 9 10, 8 (0.14286) : 1
9 9 10, 9 (0.57143) : 1
9 9 10, 10 (0.28571) : 1
9 9 17, 8 (1) : 1
9 9 6, 11 (1) : 1
9 9 7, 7 (0.5) : 1
9 9 7, 9 (0.5) : 1
9 9 8, 9 (1) : 1
9 9 9, 7 (0.125) : 1
9 9 9, 8 (0.125) : 1
9 9 9, 9 (0.375) : 1
9 9 9, 10 (0.25) : 1
9 9 9, 17 (0.125) : 1
